****************** Generator Cost ******************
 Index genIdx segmentIdx segmentBreadth segmentPrice Pgi
  1  1  1  35.0  26.95  0.000000
  2  1  2  7.0  27.98  0.000000
  3  1  3  7.0  29.0  0.000000
  4  1  4  5.0  29.73  0.000000
  5  1  5  6.0  30.6  0.000000
  6  1  6  7.0  31.61  0.000000
  7  1  7  7.0  32.64  0.000000
  8  1  8  6.0  33.51  0.000000
  9  1  9  7.0  34.54  0.000000
  10  1  10  5.0  35.26  0.000000
  11  8  1  0.0  0.0  0.000000
  12  8  2  0.0  0.0  0.000000
  13  10  1  55.8  159.75  0.000000

# removed 