# Website: https://rpglab.github.io/resources/RT-SCED_Python/

param: BUS:   Bus_number Bus_kv Bus_va Bus_area  :=
  1  1  230.000000  -0.036753  1 
  2  2  230.000000  -0.025997  1 
  3  3  230.000000  0.127439  1 
  4  4  230.000000  0.127749  1 
  5  5  13.800000  0.050531  1 
  6  6  13.800000  0.073269  1 
  7  7  13.800000  0.058552  1 
  8  8  230.000000  0.055547  1 
  9  9  26.400000  -0.035807  1 
  10  10  26.400000  -0.046977  1 
  11  11  138.000000  0.000000  1 
  12  12  230.000000  -0.001861  1 
  13  13  13.800000  0.100630  1 
  14  14  13.800000  0.096210  1 
;

param:  LOAD:   Load_busNumber Load_id Load_isInSvc Load_pd  :=
	1	1	1	1	16.4
	2	3	1	1	11.24
	3	5	1	1	16.4
	4	6	1	1	11.24
	5	8	1	1	18.8
	6	8	2	1	19.62
	7	8	3	1	9.98
	8	8	4	1	14.73
	9	9	1	1	48.36
	10	10	1	1	29.71
;

param:  GEN:   Gen_busNumber Gen_id  Gen_isInSvc  Gen_pgInit Gen_pgMax Gen_pgMin Gen_energyRamp Gen_spinRamp Gen_costCurveFlag :=
	1	7	1	1	44.0   105.0  38.0	 1.2	5.5   1
	2	8	1	0	0.0	   5.0    0.0	 99.0	99.0  1
	3	9	1	1	13.0   14.0	  13.0	 1.0	1.0   1
	4	12	1	0	0.0	   12.0	  0.0    1.0	 2.0  0
	5	13	1	1	60.3   165.0  50.0	 6.0	 6.0  1
	6	14	1	1	44.93  45.0	  5.0	 15.0	1.0   1
	7	1	1	1	36.41  45.0	  5.0	 20.0	2.0   0
;

param:  GENCOST:   GenCost_genIdx	GenCost_segmentIdx  GenCost_segmentBreadth  GenCost_segmentPrice  :=
  1  1  1  0.500000  9.390000
  2  1  2  3.500000  9.520000
  3  1  3  101.00000  9.640000
  4  2  1  5.000000  0.000000
  5  3  1  10.000000  1.000000
  6  3  2  4.000000  1.010000
  7  5  1  20.300000  18.580000
  8  5  2  10.000000  21.360000
  9  5  3  134.600000  22.090000
  10  6  1  10.930000  22.090000
  11  6  2  30.000000  22.190000
;

param:  BRANCH:   Branch_frmBusNumber	Branch_toBusNumber  Branch_id  Branch_isInSvc Branch_r Branch_x Branch_angle Branch_pkInit Branch_rateA Branch_rateB Branch_rateC  :=
	1	1	2	1	1	0.01938   0.05917	0.0  26.09617	15.0	99999.0	99999.0
	2	1	5	1	1	0.05403   0.22304	0.0  11.51735	99999.0	99999.0	99999.0
	3	2	3	1	1	0.04699   0.19797	0.0  16.417892	99999.0	99999.0	99999.0
	4	2	4	1	1	0.05811   0.17632	0.0  -1.952864	99999.0	99999.0	99999.0
	5	2	5	1	1	0.05695   0.17388	0.0  11.51735	99999.0	99999.0	99999.0
	6	3	4	1	1	0.06701   0.17103	0.0  16.417892	99999.0	99999.0	99999.0
	7	4	5	1	1	0.01335   0.04211	0.0  -2.002303	99999.0	99999.0	99999.0
	8	4	7	1	1	0.0       0.20912	0.0  -2.002303	99999.0	99999.0	99999.0
	9	4	9	2	1	0.0       0.55618	0.0  -1.952864	99999.0	99999.0	99999.0
	10	5	6	1	1	0.0       0.25202	0.0  26.09617	99999.0	99999.0	99999.0
	11	6	11	1	1	0.09498   0.19890	0.0  -2.002303	99999.0	99999.0	99999.0
	12	6	12	2	1	0.12291   0.25581	0.0  -1.952864	99999.0	99999.0	99999.0
	13	6	13	1	1	0.06615   0.13027	0.0  21.373717	99999.0	99999.0	99999.0
	14	7	8	2	1	0.0       0.17615	0.0  19.891107	289.0	289.0	289.0
	15	7	9	1	1	0.0       0.11001	0.0  26.09617	99999.0	99999.0	99999.0
	16	9	10	1	1	0.03181   0.08450	0.0  10.842197	738.0	980.0	980.0
	17	9	14	2	1	0.12711   0.27038	0.0  10.842197	738.0	980.0	980.0
	18	10	11	1	1	0.08205   0.19207	0.0  10.842197	18.8	19.0	19.5
	19	12	13	1	1	0.22092   0.19988	0.0  10.842197	738.0	980.0	980.0
	20	13	14	1	1	0.17093   0.34802	0.0  10.842197	738.0	980.0	980.0
;

param:  INTERFACE: Interface_isEnabled Interface_totalLimit :=
  1  0 20.00
  2  1 300.00
  3  1 10.00
;

param:  INTERFACELINE: Interfaceline_interfaceIdx Interfaceline_branchIdx :=
  1  1  1
  2  1  2
  3  1  3
  4  2  14
  5  2  15
  6  2  16
  7  3  8
  8  3  9
;

param:  CONTINGENCY: Contingency_isEnabled :=
  1  0
  2  1
;

param:  CONTINGENCYLINE: Contingency_index Contingency_branchIdx :=
  1  1  4
  2  1  16
  3  1  18
  4  2  17
  5  2  19
;
